0.000 0.080 0.787 0.901 0.996 0.928 0.437 0.954 0.842 0.866 0.880 0.921 0.766 1.000 0.848 0.854 0.970 0.904 0.295 0.757 0.908 0.346 0.961 0.870 0.866 0.990 0.919 0.714 0.939 0.923 1.000 1.000 1.000 0.703 0.974 0.940
0.080 0.000 0.787 0.877 0.996 0.927 0.412 0.954 0.840 0.842 0.856 0.921 0.741 1.000 0.846 0.832 0.970 0.904 0.369 0.757 0.906 0.421 0.961 0.866 0.864 0.990 0.916 0.690 0.939 0.920 1.000 1.000 1.000 0.679 0.974 0.937
0.787 0.787 0.000 0.996 0.700 0.231 0.880 0.559 0.227 0.961 0.969 0.205 0.876 0.629 0.184 0.804 0.709 0.635 0.875 0.685 0.128 0.873 0.595 0.885 0.945 0.500 0.993 0.825 0.619 0.433 0.992 0.604 0.345 0.862 0.622 0.174
0.901 0.877 0.996 0.000 0.988 0.765 0.790 0.952 0.886 0.663 0.672 0.924 0.747 1.000 0.928 0.674 0.970 1.000 0.891 0.996 0.973 0.936 0.955 0.786 0.851 0.990 0.615 0.687 0.939 0.928 0.916 1.000 0.948 0.568 0.972 0.948
0.996 0.996 0.700 0.988 0.000 0.698 0.994 0.253 0.719 0.996 0.991 0.687 0.996 0.154 0.711 0.935 0.805 0.827 0.996 0.442 0.685 0.996 0.536 0.950 0.996 0.538 0.995 0.988 0.423 0.852 0.987 0.766 0.725 0.991 0.527 0.683
0.928 0.927 0.231 0.765 0.698 0.000 0.886 0.525 0.244 0.921 0.918 0.164 0.919 0.636 0.217 0.783 0.686 0.693 0.919 0.805 0.216 0.956 0.561 0.855 0.889 0.505 0.842 0.888 0.569 0.419 0.931 0.612 0.330 0.855 0.607 0.193
0.437 0.412 0.880 0.790 0.994 0.886 0.000 0.952 0.670 0.805 0.830 0.920 0.561 1.000 0.851 0.820 0.970 0.996 0.409 0.757 0.896 0.463 0.955 0.715 0.793 0.990 0.825 0.676 0.939 0.901 1.000 1.000 1.000 0.386 0.972 0.907
0.954 0.954 0.559 0.952 0.253 0.525 0.952 0.000 0.556 0.954 0.948 0.493 0.954 0.272 0.540 0.896 0.768 0.752 0.954 0.440 0.527 0.993 0.441 0.946 0.954 0.383 0.952 0.945 0.360 0.643 0.992 0.660 0.565 0.949 0.465 0.508
0.842 0.840 0.227 0.886 0.719 0.244 0.670 0.556 0.000 0.893 0.913 0.274 0.753 0.669 0.198 0.783 0.703 0.723 0.795 0.719 0.237 0.835 0.594 0.760 0.822 0.554 0.846 0.787 0.610 0.454 0.992 0.645 0.440 0.718 0.639 0.245
0.866 0.842 0.961 0.663 0.996 0.921 0.805 0.954 0.893 0.000 0.410 0.860 0.718 1.000 0.889 0.426 0.938 0.974 0.857 0.950 0.941 0.937 0.961 0.971 0.865 0.990 0.901 0.754 0.939 0.925 0.961 0.877 0.969 0.669 0.974 0.926
0.880 0.856 0.969 0.672 0.991 0.918 0.830 0.948 0.913 0.410 0.000 0.889 0.743 0.994 0.909 0.304 0.930 0.967 0.893 0.959 0.949 0.962 0.955 0.978 0.892 0.984 0.914 0.773 0.933 0.929 0.952 0.936 0.959 0.696 0.968 0.942
0.921 0.921 0.205 0.924 0.687 0.164 0.920 0.493 0.274 0.860 0.889 0.000 0.921 0.604 0.216 0.764 0.667 0.658 0.931 0.782 0.123 0.987 0.535 0.937 0.921 0.457 0.922 0.915 0.537 0.379 0.982 0.520 0.290 0.920 0.575 0.111
0.766 0.741 0.876 0.747 0.996 0.919 0.561 0.954 0.753 0.718 0.743 0.921 0.000 1.000 0.748 0.735 0.970 0.992 0.747 0.865 0.903 0.818 0.961 0.702 0.779 0.990 0.847 0.654 0.939 0.923 0.990 1.000 0.990 0.450 0.974 0.905
1.000 1.000 0.629 1.000 0.154 0.636 1.000 0.272 0.669 1.000 0.994 0.604 1.000 0.000 0.650 0.792 0.659 0.822 1.000 0.444 0.600 1.000 0.392 0.948 1.000 0.402 0.999 0.994 0.273 0.713 0.992 0.619 0.735 1.000 0.392 0.597
0.848 0.846 0.184 0.928 0.711 0.217 0.851 0.540 0.198 0.889 0.909 0.216 0.748 0.650 0.000 0.769 0.693 0.672 0.845 0.752 0.204 0.903 0.581 0.783 0.862 0.527 0.910 0.842 0.587 0.440 0.992 0.626 0.395 0.828 0.622 0.199
0.854 0.832 0.804 0.674 0.935 0.783 0.820 0.896 0.783 0.426 0.304 0.764 0.735 0.792 0.769 0.000 0.676 0.941 0.882 0.932 0.795 0.947 0.723 0.952 0.885 0.758 0.910 0.729 0.695 0.708 0.961 0.722 0.953 0.679 0.742 0.779
0.970 0.970 0.709 0.970 0.805 0.686 0.970 0.768 0.703 0.938 0.930 0.667 0.970 0.659 0.693 0.676 0.000 0.641 0.912 0.855 0.682 0.993 0.558 0.953 0.970 0.573 0.969 0.933 0.473 0.707 0.873 0.474 0.739 0.970 0.559 0.674
0.904 0.904 0.635 1.000 0.827 0.693 0.996 0.752 0.723 0.974 0.967 0.658 0.992 0.822 0.672 0.941 0.641 0.000 0.971 0.822 0.649 0.993 0.765 0.877 0.996 0.761 0.995 0.943 0.761 0.937 0.844 0.671 0.506 0.978 0.785 0.651
0.295 0.369 0.875 0.891 0.996 0.919 0.409 0.954 0.795 0.857 0.893 0.931 0.747 1.000 0.845 0.882 0.912 0.971 0.000 0.680 0.872 0.274 0.951 0.906 0.810 0.990 0.888 0.786 0.940 0.921 0.935 0.972 0.945 0.633 0.955 0.899
0.757 0.757 0.685 0.996 0.442 0.805 0.757 0.440 0.719 0.950 0.959 0.782 0.865 0.444 0.752 0.932 0.855 0.822 0.680 0.000 0.689 0.752 0.587 0.929 0.945 0.639 0.993 0.856 0.500 0.917 0.979 0.834 0.779 0.809 0.578 0.754
0.908 0.906 0.128 0.973 0.685 0.216 0.896 0.527 0.237 0.941 0.949 0.123 0.903 0.600 0.204 0.795 0.682 0.649 0.872 0.689 0.000 0.892 0.558 0.921 0.930 0.453 0.982 0.899 0.587 0.372 0.982 0.564 0.279 0.886 0.585 0.078
0.346 0.421 0.873 0.936 0.996 0.956 0.463 0.993 0.835 0.937 0.962 0.987 0.818 1.000 0.903 0.947 0.993 0.993 0.274 0.752 0.892 0.000 0.982 0.899 0.893 0.993 0.930 0.824 0.993 0.939 0.994 0.995 0.996 0.715 0.988 0.918
0.961 0.961 0.595 0.955 0.536 0.561 0.955 0.441 0.594 0.961 0.955 0.535 0.961 0.392 0.581 0.723 0.558 0.765 0.951 0.587 0.558 0.982 0.000 0.930 0.958 0.189 0.954 0.949 0.244 0.656 0.990 0.540 0.705 0.948 0.049 0.540
0.870 0.866 0.885 0.786 0.950 0.855 0.715 0.946 0.760 0.971 0.978 0.937 0.702 0.948 0.783 0.952 0.953 0.877 0.906 0.929 0.921 0.899 0.930 0.000 0.878 0.944 0.674 0.903 0.949 0.915 0.931 0.946 0.904 0.703 0.936 0.888
0.866 0.864 0.945 0.851 0.996 0.889 0.793 0.954 0.822 0.865 0.892 0.921 0.779 1.000 0.862 0.885 0.970 0.996 0.810 0.945 0.930 0.893 0.958 0.878 0.000 0.990 0.782 0.850 0.939 0.921 0.986 1.000 0.986 0.677 0.974 0.902
0.990 0.990 0.500 0.990 0.538 0.505 0.990 0.383 0.554 0.990 0.984 0.457 0.990 0.402 0.527 0.758 0.573 0.761 0.990 0.639 0.453 0.993 0.189 0.944 0.990 0.000 0.989 0.984 0.296 0.573 0.992 0.435 0.591 0.990 0.201 0.446
0.919 0.916 0.993 0.615 0.995 0.842 0.825 0.952 0.846 0.901 0.914 0.922 0.847 0.999 0.910 0.910 0.969 0.995 0.888 0.993 0.982 0.930 0.954 0.674 0.782 0.989 0.000 0.809 0.937 0.926 0.941 0.999 0.955 0.789 0.973 0.935
0.714 0.690 0.825 0.687 0.988 0.888 0.676 0.945 0.787 0.754 0.773 0.915 0.654 0.994 0.842 0.729 0.933 0.943 0.786 0.856 0.899 0.824 0.949 0.903 0.850 0.984 0.809 0.000 0.910 0.777 1.000 0.994 0.994 0.605 0.965 0.919
0.939 0.939 0.619 0.939 0.423 0.569 0.939 0.360 0.610 0.939 0.933 0.537 0.939 0.273 0.587 0.695 0.473 0.761 0.940 0.500 0.587 0.993 0.244 0.949 0.939 0.296 0.937 0.910 0.000 0.657 0.992 0.520 0.730 0.939 0.256 0.569
0.923 0.920 0.433 0.928 0.852 0.419 0.901 0.643 0.454 0.925 0.929 0.379 0.923 0.713 0.440 0.708 0.707 0.937 0.921 0.917 0.372 0.939 0.656 0.915 0.921 0.573 0.926 0.777 0.657 0.000 0.992 0.609 0.565 0.896 0.692 0.343
1.000 1.000 0.992 0.916 0.987 0.931 1.000 0.992 0.992 0.961 0.952 0.982 0.990 0.992 0.992 0.961 0.873 0.844 0.935 0.979 0.982 0.994 0.990 0.931 0.986 0.992 0.941 1.000 0.992 0.992 0.000 0.759 0.731 0.983 0.990 0.987
1.000 1.000 0.604 1.000 0.766 0.612 1.000 0.660 0.645 0.877 0.936 0.520 1.000 0.619 0.626 0.722 0.474 0.671 0.972 0.834 0.564 0.995 0.540 0.946 1.000 0.435 0.999 0.994 0.520 0.609 0.759 0.000 0.552 0.993 0.537 0.572
1.000 1.000 0.345 0.948 0.725 0.330 1.000 0.565 0.440 0.969 0.959 0.290 0.990 0.735 0.395 0.953 0.739 0.506 0.945 0.779 0.279 0.996 0.705 0.904 0.986 0.591 0.955 0.994 0.730 0.565 0.731 0.552 0.000 0.985 0.732 0.276
0.703 0.679 0.862 0.568 0.991 0.855 0.386 0.949 0.718 0.669 0.696 0.920 0.450 1.000 0.828 0.679 0.970 0.978 0.633 0.809 0.886 0.715 0.948 0.703 0.677 0.990 0.789 0.605 0.939 0.896 0.983 0.993 0.985 0.000 0.961 0.882
0.974 0.974 0.622 0.972 0.527 0.607 0.972 0.465 0.639 0.974 0.968 0.575 0.974 0.392 0.622 0.742 0.559 0.785 0.955 0.578 0.585 0.988 0.049 0.936 0.974 0.201 0.973 0.965 0.256 0.692 0.990 0.537 0.732 0.961 0.000 0.570
0.940 0.937 0.174 0.948 0.683 0.193 0.907 0.508 0.245 0.926 0.942 0.111 0.905 0.597 0.199 0.779 0.674 0.651 0.899 0.754 0.078 0.918 0.540 0.888 0.902 0.446 0.935 0.919 0.569 0.343 0.987 0.572 0.276 0.882 0.570 0.000
